 1.191042E-05
 1.191042E-05
 3.031872E-02
 1.191042E-05
 3.031872E-02
 1.017331E-01
 1.191042E-05
 3.031872E-02
 1.017331E-01
 4.727858E-03
 1.191042E-05
 3.031872E-02
 1.017331E-01
 4.727858E-03
 2.956290E+00
 1.191042E-05
 3.031872E-02
 1.017331E-01
 4.727858E-03
 2.956290E+00
 2.433728E-05
 1.191042E-05
 3.031872E-02
 1.017331E-01
 4.727858E-03
 2.956290E+00
 2.433728E-05
 7.937863E-02
 1.191042E-05
 3.031872E-02
 1.017331E-01
 4.727858E-03
 2.956290E+00
 2.433728E-05
 7.937863E-02
 3.087914E-01
 1.191042E-05
 3.031872E-02
 1.017331E-01
 4.727858E-03
 2.956290E+00
 2.433728E-05
 7.937863E-02
 3.087914E-01
 1.209803E-04
 1.191042E-05
 3.031872E-02
 1.017331E-01
 4.727858E-03
 2.956290E+00
 2.433728E-05
 7.937863E-02
 3.087914E-01
 1.209803E-04
 1.645414E+00
 1.191042E-05
 3.031872E-02
 1.017331E-01
 4.727858E-03
 2.956290E+00
 2.433728E-05
 7.937863E-02
 3.087914E-01
 1.209803E-04
 1.645414E+00
 8.814971E-05
 1.191042E-05
 3.031872E-02
 1.017331E-01
 4.727858E-03
 2.956290E+00
 2.433728E-05
 7.937863E-02
 3.087914E-01
 1.209803E-04
 1.645414E+00
 8.814971E-05
 1.865199E-01
 1.191042E-05
 3.031872E-02
 1.017331E-01
 4.727858E-03
 2.956290E+00
 2.433728E-05
 7.937863E-02
 3.087914E-01
 1.209803E-04
 1.645414E+00
 8.814971E-05
 1.865199E-01
 2.680972E-02
 1.191042E-05
 3.031872E-02
 1.017331E-01
 4.727858E-03
 2.956290E+00
 2.433728E-05
 7.937863E-02
 3.087914E-01
 1.209803E-04
 1.645414E+00
 8.814971E-05
 1.865199E-01
 2.680972E-02
 1.679737E-01
 1.191042E-05
 3.031872E-02
 1.017331E-01
 4.727858E-03
 2.956290E+00
 2.433728E-05
 7.937863E-02
 3.087914E-01
 1.209803E-04
 1.645414E+00
 8.814971E-05
 1.865199E-01
 2.680972E-02
 1.679737E-01
 1.357165E-01
 1.191042E-05
 3.031872E-02
 1.017331E-01
 4.727858E-03
 2.956290E+00
 2.433728E-05
 7.937863E-02
 3.087914E-01
 1.209803E-04
 1.645414E+00
 8.814971E-05
 1.865199E-01
 2.680972E-02
 1.679737E-01
 1.357165E-01
 3.037039E-04
 1.191042E-05
 3.031872E-02
 1.017331E-01
 4.727858E-03
 2.956290E+00
 2.433728E-05
 7.937863E-02
 3.087914E-01
 1.209803E-04
 1.645414E+00
 8.814971E-05
 1.865199E-01
 2.680972E-02
 1.679737E-01
 1.357165E-01
 3.037039E-04
 5.703815E-02
 1.191042E-05
 3.031872E-02
 1.017331E-01
 4.727858E-03
 2.956290E+00
 2.433728E-05
 7.937863E-02
 3.087914E-01
 1.209803E-04
 1.645414E+00
 8.814971E-05
 1.865199E-01
 2.680972E-02
 1.679737E-01
 1.357165E-01
 3.037039E-04
 5.703815E-02
 5.518024E-02
 1.191042E-05
 3.031872E-02
 1.017331E-01
 4.727858E-03
 2.956290E+00
 2.433728E-05
 7.937863E-02
 3.087914E-01
 1.209803E-04
 1.645414E+00
 8.814971E-05
 1.865199E-01
 2.680972E-02
 1.679737E-01
 1.357165E-01
 3.037039E-04
 5.703815E-02
 5.518024E-02
 1.838543E-05
 1.191042E-05
 3.031872E-02
 1.017331E-01
 4.727858E-03
 2.956290E+00
 2.433728E-05
 7.937863E-02
 3.087914E-01
 1.209803E-04
 1.645414E+00
 8.814971E-05
 1.865199E-01
 2.680972E-02
 1.679737E-01
 1.357165E-01
 3.037039E-04
 5.703815E-02
 5.518024E-02
 1.838543E-05
 3.050004E-04
