 0.643616
 0.643616
 0.518002
 0.643616
 0.518002
 0.527563
 0.643616
 0.518002
 0.527563
 0.526042
 0.643616
 0.518002
 0.527563
 0.526042
 0.520593
 0.643616
 0.518002
 0.527563
 0.526042
 0.520593
 0.495791
 0.643616
 0.518002
 0.527563
 0.526042
 0.520593
 0.495791
 0.526128
 0.643616
 0.518002
 0.527563
 0.526042
 0.520593
 0.495791
 0.526128
 0.519493
 0.643616
 0.518002
 0.527563
 0.526042
 0.520593
 0.495791
 0.526128
 0.519493
 0.524134
 0.643616
 0.518002
 0.527563
 0.526042
 0.520593
 0.495791
 0.526128
 0.519493
 0.524134
 0.519188
 0.643616
 0.518002
 0.527563
 0.526042
 0.520593
 0.495791
 0.526128
 0.519493
 0.524134
 0.519188
 0.526869
 0.643616
 0.518002
 0.527563
 0.526042
 0.520593
 0.495791
 0.526128
 0.519493
 0.524134
 0.519188
 0.526869
 0.521600
 0.643616
 0.518002
 0.527563
 0.526042
 0.520593
 0.495791
 0.526128
 0.519493
 0.524134
 0.519188
 0.526869
 0.521600
 0.520211
 0.643616
 0.518002
 0.527563
 0.526042
 0.520593
 0.495791
 0.526128
 0.519493
 0.524134
 0.519188
 0.526869
 0.521600
 0.520211
 0.521439
 0.643616
 0.518002
 0.527563
 0.526042
 0.520593
 0.495791
 0.526128
 0.519493
 0.524134
 0.519188
 0.526869
 0.521600
 0.520211
 0.521439
 0.524976
 0.643616
 0.518002
 0.527563
 0.526042
 0.520593
 0.495791
 0.526128
 0.519493
 0.524134
 0.519188
 0.526869
 0.521600
 0.520211
 0.521439
 0.524976
 0.528008
 0.643616
 0.518002
 0.527563
 0.526042
 0.520593
 0.495791
 0.526128
 0.519493
 0.524134
 0.519188
 0.526869
 0.521600
 0.520211
 0.521439
 0.524976
 0.528008
 0.523171
 0.643616
 0.518002
 0.527563
 0.526042
 0.520593
 0.495791
 0.526128
 0.519493
 0.524134
 0.519188
 0.526869
 0.521600
 0.520211
 0.521439
 0.524976
 0.528008
 0.523171
 0.522640
 0.643616
 0.518002
 0.527563
 0.526042
 0.520593
 0.495791
 0.526128
 0.519493
 0.524134
 0.519188
 0.526869
 0.521600
 0.520211
 0.521439
 0.524976
 0.528008
 0.523171
 0.522640
 0.525354
 0.643616
 0.518002
 0.527563
 0.526042
 0.520593
 0.495791
 0.526128
 0.519493
 0.524134
 0.519188
 0.526869
 0.521600
 0.520211
 0.521439
 0.524976
 0.528008
 0.523171
 0.522640
 0.525354
 0.526608
