 4.440892E-16
 4.440892E-16
 4.440892E-16
 4.440892E-16
 4.440892E-16
 3.976597E-11
 4.440892E-16
 4.440892E-16
 3.976597E-11
 4.440892E-16
 4.440892E-16
 4.440892E-16
 3.976597E-11
 4.440892E-16
 4.440892E-16
 4.440892E-16
 4.440892E-16
 3.976597E-11
 4.440892E-16
 4.440892E-16
 4.440892E-16
 4.440892E-16
 4.440892E-16
 3.976597E-11
 4.440892E-16
 4.440892E-16
 4.440892E-16
 4.440892E-16
 4.440892E-16
 4.440892E-16
 3.976597E-11
 4.440892E-16
 4.440892E-16
 4.440892E-16
 4.440892E-16
 4.440892E-16
 4.440892E-16
 4.440892E-16
 3.976597E-11
 4.440892E-16
 4.440892E-16
 4.440892E-16
 4.440892E-16
 4.440892E-16
 3.108624E-15
 4.440892E-16
 4.440892E-16
 3.976597E-11
 4.440892E-16
 4.440892E-16
 4.440892E-16
 4.440892E-16
 4.440892E-16
 3.108624E-15
 8.285262E-09
 4.440892E-16
 4.440892E-16
 3.976597E-11
 4.440892E-16
 4.440892E-16
 4.440892E-16
 4.440892E-16
 4.440892E-16
 3.108624E-15
 8.285262E-09
 3.573630E-11
 4.440892E-16
 4.440892E-16
 3.976597E-11
 4.440892E-16
 4.440892E-16
 4.440892E-16
 4.440892E-16
 4.440892E-16
 3.108624E-15
 8.285262E-09
 3.573630E-11
 4.440892E-16
 4.440892E-16
 4.440892E-16
 3.976597E-11
 4.440892E-16
 4.440892E-16
 4.440892E-16
 4.440892E-16
 4.440892E-16
 3.108624E-15
 8.285262E-09
 3.573630E-11
 4.440892E-16
 1.205476E-10
 4.440892E-16
 4.440892E-16
 3.976597E-11
 4.440892E-16
 4.440892E-16
 4.440892E-16
 4.440892E-16
 4.440892E-16
 3.108624E-15
 8.285262E-09
 3.573630E-11
 4.440892E-16
 1.205476E-10
 3.706745E-07
 4.440892E-16
 4.440892E-16
 3.976597E-11
 4.440892E-16
 4.440892E-16
 4.440892E-16
 4.440892E-16
 4.440892E-16
 3.108624E-15
 8.285262E-09
 3.573630E-11
 4.440892E-16
 1.205476E-10
 3.706745E-07
 2.904269E-08
 4.440892E-16
 4.440892E-16
 3.976597E-11
 4.440892E-16
 4.440892E-16
 4.440892E-16
 4.440892E-16
 4.440892E-16
 3.108624E-15
 8.285262E-09
 3.573630E-11
 4.440892E-16
 1.205476E-10
 3.706745E-07
 2.904269E-08
 2.904269E-08
 4.440892E-16
 4.440892E-16
 3.976597E-11
 4.440892E-16
 4.440892E-16
 4.440892E-16
 4.440892E-16
 4.440892E-16
 3.108624E-15
 8.285262E-09
 3.573630E-11
 4.440892E-16
 1.205476E-10
 3.706745E-07
 2.904269E-08
 2.904269E-08
 4.440892E-16
 4.440892E-16
 4.440892E-16
 3.976597E-11
 4.440892E-16
 4.440892E-16
 4.440892E-16
 4.440892E-16
 4.440892E-16
 3.108624E-15
 8.285262E-09
 3.573630E-11
 4.440892E-16
 1.205476E-10
 3.706745E-07
 2.904269E-08
 2.904269E-08
 4.440892E-16
 4.440892E-16
 4.440892E-16
 4.440892E-16
 3.976597E-11
 4.440892E-16
 4.440892E-16
 4.440892E-16
 4.440892E-16
 4.440892E-16
 3.108624E-15
 8.285262E-09
 3.573630E-11
 4.440892E-16
 1.205476E-10
 3.706745E-07
 2.904269E-08
 2.904269E-08
 4.440892E-16
 4.440892E-16
 2.684842E-09
 4.440892E-16
 4.440892E-16
 3.976597E-11
 4.440892E-16
 4.440892E-16
 4.440892E-16
 4.440892E-16
 4.440892E-16
 3.108624E-15
 8.285262E-09
 3.573630E-11
 4.440892E-16
 1.205476E-10
 3.706745E-07
 2.904269E-08
 2.904269E-08
 4.440892E-16
 4.440892E-16
 2.684842E-09
 4.440892E-16
