 0.592697
 0.592697
 0.583598
 0.592697
 0.583598
 0.553833
 0.592697
 0.583598
 0.553833
 0.581322
 0.592697
 0.583598
 0.553833
 0.581322
 0.583157
 0.592697
 0.583598
 0.553833
 0.581322
 0.583157
 0.582569
 0.592697
 0.583598
 0.553833
 0.581322
 0.583157
 0.582569
 0.589151
 0.592697
 0.583598
 0.553833
 0.581322
 0.583157
 0.582569
 0.589151
 0.582546
 0.592697
 0.583598
 0.553833
 0.581322
 0.583157
 0.582569
 0.589151
 0.582546
 0.582340
 0.592697
 0.583598
 0.553833
 0.581322
 0.583157
 0.582569
 0.589151
 0.582546
 0.582340
 0.582604
 0.592697
 0.583598
 0.553833
 0.581322
 0.583157
 0.582569
 0.589151
 0.582546
 0.582340
 0.582604
 0.587086
 0.592697
 0.583598
 0.553833
 0.581322
 0.583157
 0.582569
 0.589151
 0.582546
 0.582340
 0.582604
 0.587086
 0.586607
 0.592697
 0.583598
 0.553833
 0.581322
 0.583157
 0.582569
 0.589151
 0.582546
 0.582340
 0.582604
 0.587086
 0.586607
 0.541560
 0.592697
 0.583598
 0.553833
 0.581322
 0.583157
 0.582569
 0.589151
 0.582546
 0.582340
 0.582604
 0.587086
 0.586607
 0.541560
 0.582058
 0.592697
 0.583598
 0.553833
 0.581322
 0.583157
 0.582569
 0.589151
 0.582546
 0.582340
 0.582604
 0.587086
 0.586607
 0.541560
 0.582058
 0.585797
 0.592697
 0.583598
 0.553833
 0.581322
 0.583157
 0.582569
 0.589151
 0.582546
 0.582340
 0.582604
 0.587086
 0.586607
 0.541560
 0.582058
 0.585797
 0.585716
 0.592697
 0.583598
 0.553833
 0.581322
 0.583157
 0.582569
 0.589151
 0.582546
 0.582340
 0.582604
 0.587086
 0.586607
 0.541560
 0.582058
 0.585797
 0.585716
 0.583183
 0.592697
 0.583598
 0.553833
 0.581322
 0.583157
 0.582569
 0.589151
 0.582546
 0.582340
 0.582604
 0.587086
 0.586607
 0.541560
 0.582058
 0.585797
 0.585716
 0.583183
 0.582830
 0.592697
 0.583598
 0.553833
 0.581322
 0.583157
 0.582569
 0.589151
 0.582546
 0.582340
 0.582604
 0.587086
 0.586607
 0.541560
 0.582058
 0.585797
 0.585716
 0.583183
 0.582830
 0.593479
 0.592697
 0.583598
 0.553833
 0.581322
 0.583157
 0.582569
 0.589151
 0.582546
 0.582340
 0.582604
 0.587086
 0.586607
 0.541560
 0.582058
 0.585797
 0.585716
 0.583183
 0.582830
 0.593479
 0.581868
