11.788177	15.259776	17.525548
13.876550	16.407246	19.265804
13.445796	15.637548	18.168372
13.128079	15.414615	19.085124
12.615412	14.742071	18.052493
11.557122	13.603025	17.956389
10.811934	12.913886	18.704752
10.355780	12.054511	15.970572
9.485305	11.401208	16.114287
8.792113	10.161633	15.892886
8.333788	9.460055	15.433419
7.845326	8.772103	13.484783
6.842362	7.830680	13.484783
6.312704	7.095385	13.484783
5.944491	6.636651	13.484783
5.219130	6.072687	15.822703
4.770984	5.257980	10.917008
4.178963	4.594249	6.124083
3.910718	4.173485	6.124083
3.642735	3.836450	4.698426
3.239582	3.422925	3.906680
2.942485	3.100133	3.646521
2.458665	2.666825	3.020759
2.340040	2.484982	2.942037
2.147394	2.281708	2.409233
2.019492	2.107169	2.339955
1.651455	1.794881	2.115020
1.378291	1.536116	1.891402
1.201924	1.314765	1.650748
1.166012	1.196995	1.356428
1.009536	1.045756	1.168839
0.990068	1.001771	1.014558
0.859015	0.917470	0.991171
0.721186	0.818612	0.858368
0.671011	0.695617	0.855678
0.609510	0.633360	0.713686
0.538299	0.575277	0.663299
0.418765	0.435455	0.594135
0.386013	0.405673	0.418859
0.378799	0.382786	0.387148
0.351462	0.362500	0.380486
0.219002	0.290126	0.351457
0.196206	0.214980	0.349895
0.169530	0.184261	0.196196
0.148192	0.158423	0.169530
0.146817	0.148037	0.168549
0.145480	0.145884	0.146817
0.133964	0.137453	0.146017
0.131025	0.132924	0.140423
0.086638	0.102208	0.131025
0.040398	0.051504	0.086638
0.025982	0.035910	0.040398
0.022705	0.023740	0.040372
0.021879	0.022155	0.022696
0.020127	0.020870	0.021879
0.014316	0.015809	0.020127
0.012325	0.012968	0.014316
0.011671	0.011929	0.012325
0.011213	0.011523	0.011671
0.011100	0.011196	0.011213
0.002612	0.003360	0.011100
0.002556	0.002568	0.002612
0.002538	0.002546	0.002556
0.001721	0.001945	0.002538
0.001447	0.001566	0.001721
0.001328	0.001410	0.001447
0.001292	0.001310	0.001328
0.000308	0.000488	0.001292
