0	21	21
1	21	21
2	21	21
3	20	20
4	16	15
5	0	2
6	71	77
7	356	380
8	1499	1597
9	6150	6347
10	25774	24282
11	21	21
12	21	21
13	21	21
14	21	21
15	21	21
16	21	21
17	21	21
18	21	21
19	21	21
20	21	21
21	21	21
22	21	21
23	21	21
24	21	21
25	21	21
26	21	21
27	21	21
28	21	21
29	21	21
30	21	21
31	21	21
32	21	21
33	21	21
34	21	21
35	21	21
36	21	21
37	21	21
38	21	21
39	21	21
40	21	21
41	21	21
42	21	21
43	21	21
44	21	21
45	21	21
46	21	21
47	21	21
48	21	21
49	21	21
50	21	21
51	21	21
52	21	21
53	21	21
54	21	21
55	21	21
56	21	21
57	21	21
58	21	21
59	21	21
60	21	21
61	21	21
62	21	21
63	21	21
64	21	21
65	21	21
66	21	21
67	21	21
68	21	21
69	21	21
70	21	21
71	21	21
72	21	21
73	21	21
74	21	21
75	21	21
76	21	21
77	21	21
78	21	21
79	21	21
80	21	21
81	21	21
82	21	21
83	21	21
84	21	21
85	21	21
86	21	21
87	21	21
88	21	21
89	21	21
90	21	21
91	21	21
92	21	21
93	21	21
94	21	21
95	21	21
96	21	21
97	21	21
98	21	21
99	21	21
