 1.796914E-01
 1.796914E-01
 6.223025E-04
 1.796914E-01
 6.223025E-04
 1.928914E-05
 1.796914E-01
 6.223025E-04
 1.928914E-05
 1.468270E-03
 1.796914E-01
 6.223025E-04
 1.928914E-05
 1.468270E-03
 2.642575E-02
 1.796914E-01
 6.223025E-04
 1.928914E-05
 1.468270E-03
 2.642575E-02
 1.472287E-05
 1.796914E-01
 6.223025E-04
 1.928914E-05
 1.468270E-03
 2.642575E-02
 1.472287E-05
 1.231234E-01
 1.796914E-01
 6.223025E-04
 1.928914E-05
 1.468270E-03
 2.642575E-02
 1.472287E-05
 1.231234E-01
 7.721816E-02
 1.796914E-01
 6.223025E-04
 1.928914E-05
 1.468270E-03
 2.642575E-02
 1.472287E-05
 1.231234E-01
 7.721816E-02
 9.941461E-05
 1.796914E-01
 6.223025E-04
 1.928914E-05
 1.468270E-03
 2.642575E-02
 1.472287E-05
 1.231234E-01
 7.721816E-02
 9.941461E-05
 2.304471E-05
 1.796914E-01
 6.223025E-04
 1.928914E-05
 1.468270E-03
 2.642575E-02
 1.472287E-05
 1.231234E-01
 7.721816E-02
 9.941461E-05
 2.304471E-05
 1.237871E-02
 1.796914E-01
 6.223025E-04
 1.928914E-05
 1.468270E-03
 2.642575E-02
 1.472287E-05
 1.231234E-01
 7.721816E-02
 9.941461E-05
 2.304471E-05
 1.237871E-02
 1.852712E-04
 1.796914E-01
 6.223025E-04
 1.928914E-05
 1.468270E-03
 2.642575E-02
 1.472287E-05
 1.231234E-01
 7.721816E-02
 9.941461E-05
 2.304471E-05
 1.237871E-02
 1.852712E-04
 3.419297E-06
 1.796914E-01
 6.223025E-04
 1.928914E-05
 1.468270E-03
 2.642575E-02
 1.472287E-05
 1.231234E-01
 7.721816E-02
 9.941461E-05
 2.304471E-05
 1.237871E-02
 1.852712E-04
 3.419297E-06
 8.577379E-06
 1.796914E-01
 6.223025E-04
 1.928914E-05
 1.468270E-03
 2.642575E-02
 1.472287E-05
 1.231234E-01
 7.721816E-02
 9.941461E-05
 2.304471E-05
 1.237871E-02
 1.852712E-04
 3.419297E-06
 8.577379E-06
 7.196118E-05
 1.796914E-01
 6.223025E-04
 1.928914E-05
 1.468270E-03
 2.642575E-02
 1.472287E-05
 1.231234E-01
 7.721816E-02
 9.941461E-05
 2.304471E-05
 1.237871E-02
 1.852712E-04
 3.419297E-06
 8.577379E-06
 7.196118E-05
 1.204558E-04
 1.796914E-01
 6.223025E-04
 1.928914E-05
 1.468270E-03
 2.642575E-02
 1.472287E-05
 1.231234E-01
 7.721816E-02
 9.941461E-05
 2.304471E-05
 1.237871E-02
 1.852712E-04
 3.419297E-06
 8.577379E-06
 7.196118E-05
 1.204558E-04
 2.744954E-02
 1.796914E-01
 6.223025E-04
 1.928914E-05
 1.468270E-03
 2.642575E-02
 1.472287E-05
 1.231234E-01
 7.721816E-02
 9.941461E-05
 2.304471E-05
 1.237871E-02
 1.852712E-04
 3.419297E-06
 8.577379E-06
 7.196118E-05
 1.204558E-04
 2.744954E-02
 5.510602E-02
 1.796914E-01
 6.223025E-04
 1.928914E-05
 1.468270E-03
 2.642575E-02
 1.472287E-05
 1.231234E-01
 7.721816E-02
 9.941461E-05
 2.304471E-05
 1.237871E-02
 1.852712E-04
 3.419297E-06
 8.577379E-06
 7.196118E-05
 1.204558E-04
 2.744954E-02
 5.510602E-02
 3.297729E-01
 1.796914E-01
 6.223025E-04
 1.928914E-05
 1.468270E-03
 2.642575E-02
 1.472287E-05
 1.231234E-01
 7.721816E-02
 9.941461E-05
 2.304471E-05
 1.237871E-02
 1.852712E-04
 3.419297E-06
 8.577379E-06
 7.196118E-05
 1.204558E-04
 2.744954E-02
 5.510602E-02
 3.297729E-01
 1.887377E-01
