 0.578263
 0.578263
 0.526735
 0.578263
 0.526735
 0.525473
 0.578263
 0.526735
 0.525473
 0.524365
 0.578263
 0.526735
 0.525473
 0.524365
 0.523148
 0.578263
 0.526735
 0.525473
 0.524365
 0.523148
 0.521065
 0.578263
 0.526735
 0.525473
 0.524365
 0.523148
 0.521065
 0.525387
 0.578263
 0.526735
 0.525473
 0.524365
 0.523148
 0.521065
 0.525387
 0.522880
 0.578263
 0.526735
 0.525473
 0.524365
 0.523148
 0.521065
 0.525387
 0.522880
 0.526858
 0.578263
 0.526735
 0.525473
 0.524365
 0.523148
 0.521065
 0.525387
 0.522880
 0.526858
 0.522100
 0.578263
 0.526735
 0.525473
 0.524365
 0.523148
 0.521065
 0.525387
 0.522880
 0.526858
 0.522100
 0.525614
 0.578263
 0.526735
 0.525473
 0.524365
 0.523148
 0.521065
 0.525387
 0.522880
 0.526858
 0.522100
 0.525614
 0.528018
 0.578263
 0.526735
 0.525473
 0.524365
 0.523148
 0.521065
 0.525387
 0.522880
 0.526858
 0.522100
 0.525614
 0.528018
 0.524851
 0.578263
 0.526735
 0.525473
 0.524365
 0.523148
 0.521065
 0.525387
 0.522880
 0.526858
 0.522100
 0.525614
 0.528018
 0.524851
 0.308048
 0.578263
 0.526735
 0.525473
 0.524365
 0.523148
 0.521065
 0.525387
 0.522880
 0.526858
 0.522100
 0.525614
 0.528018
 0.524851
 0.308048
 0.525829
 0.578263
 0.526735
 0.525473
 0.524365
 0.523148
 0.521065
 0.525387
 0.522880
 0.526858
 0.522100
 0.525614
 0.528018
 0.524851
 0.308048
 0.525829
 0.519510
 0.578263
 0.526735
 0.525473
 0.524365
 0.523148
 0.521065
 0.525387
 0.522880
 0.526858
 0.522100
 0.525614
 0.528018
 0.524851
 0.308048
 0.525829
 0.519510
 0.522827
 0.578263
 0.526735
 0.525473
 0.524365
 0.523148
 0.521065
 0.525387
 0.522880
 0.526858
 0.522100
 0.525614
 0.528018
 0.524851
 0.308048
 0.525829
 0.519510
 0.522827
 0.526108
 0.578263
 0.526735
 0.525473
 0.524365
 0.523148
 0.521065
 0.525387
 0.522880
 0.526858
 0.522100
 0.525614
 0.528018
 0.524851
 0.308048
 0.525829
 0.519510
 0.522827
 0.526108
 0.518334
 0.578263
 0.526735
 0.525473
 0.524365
 0.523148
 0.521065
 0.525387
 0.522880
 0.526858
 0.522100
 0.525614
 0.528018
 0.524851
 0.308048
 0.525829
 0.519510
 0.522827
 0.526108
 0.518334
 0.519606
