 1.568217E-08
 1.568217E-08
 4.962334E-06
 1.568217E-08
 4.962334E-06
 1.289315E-08
 1.568217E-08
 4.962334E-06
 1.289315E-08
 6.427250E-06
 1.568217E-08
 4.962334E-06
 1.289315E-08
 6.427250E-06
 5.608401E-08
 1.568217E-08
 4.962334E-06
 1.289315E-08
 6.427250E-06
 5.608401E-08
 2.207257E-11
 1.568217E-08
 4.962334E-06
 1.289315E-08
 6.427250E-06
 5.608401E-08
 2.207257E-11
 1.343281E-06
 1.568217E-08
 4.962334E-06
 1.289315E-08
 6.427250E-06
 5.608401E-08
 2.207257E-11
 1.343281E-06
 1.203506E-08
 1.568217E-08
 4.962334E-06
 1.289315E-08
 6.427250E-06
 5.608401E-08
 2.207257E-11
 1.343281E-06
 1.203506E-08
 2.846890E-06
 1.568217E-08
 4.962334E-06
 1.289315E-08
 6.427250E-06
 5.608401E-08
 2.207257E-11
 1.343281E-06
 1.203506E-08
 2.846890E-06
 1.787964E-06
 1.568217E-08
 4.962334E-06
 1.289315E-08
 6.427250E-06
 5.608401E-08
 2.207257E-11
 1.343281E-06
 1.203506E-08
 2.846890E-06
 1.787964E-06
 4.123978E-07
 1.568217E-08
 4.962334E-06
 1.289315E-08
 6.427250E-06
 5.608401E-08
 2.207257E-11
 1.343281E-06
 1.203506E-08
 2.846890E-06
 1.787964E-06
 4.123978E-07
 2.050566E-06
 1.568217E-08
 4.962334E-06
 1.289315E-08
 6.427250E-06
 5.608401E-08
 2.207257E-11
 1.343281E-06
 1.203506E-08
 2.846890E-06
 1.787964E-06
 4.123978E-07
 2.050566E-06
 5.662273E-06
 1.568217E-08
 4.962334E-06
 1.289315E-08
 6.427250E-06
 5.608401E-08
 2.207257E-11
 1.343281E-06
 1.203506E-08
 2.846890E-06
 1.787964E-06
 4.123978E-07
 2.050566E-06
 5.662273E-06
 5.326563E-07
 1.568217E-08
 4.962334E-06
 1.289315E-08
 6.427250E-06
 5.608401E-08
 2.207257E-11
 1.343281E-06
 1.203506E-08
 2.846890E-06
 1.787964E-06
 4.123978E-07
 2.050566E-06
 5.662273E-06
 5.326563E-07
 5.639933E-14
 1.568217E-08
 4.962334E-06
 1.289315E-08
 6.427250E-06
 5.608401E-08
 2.207257E-11
 1.343281E-06
 1.203506E-08
 2.846890E-06
 1.787964E-06
 4.123978E-07
 2.050566E-06
 5.662273E-06
 5.326563E-07
 5.639933E-14
 1.729694E-07
 1.568217E-08
 4.962334E-06
 1.289315E-08
 6.427250E-06
 5.608401E-08
 2.207257E-11
 1.343281E-06
 1.203506E-08
 2.846890E-06
 1.787964E-06
 4.123978E-07
 2.050566E-06
 5.662273E-06
 5.326563E-07
 5.639933E-14
 1.729694E-07
 6.830129E-07
 1.568217E-08
 4.962334E-06
 1.289315E-08
 6.427250E-06
 5.608401E-08
 2.207257E-11
 1.343281E-06
 1.203506E-08
 2.846890E-06
 1.787964E-06
 4.123978E-07
 2.050566E-06
 5.662273E-06
 5.326563E-07
 5.639933E-14
 1.729694E-07
 6.830129E-07
 9.522241E-07
 1.568217E-08
 4.962334E-06
 1.289315E-08
 6.427250E-06
 5.608401E-08
 2.207257E-11
 1.343281E-06
 1.203506E-08
 2.846890E-06
 1.787964E-06
 4.123978E-07
 2.050566E-06
 5.662273E-06
 5.326563E-07
 5.639933E-14
 1.729694E-07
 6.830129E-07
 9.522241E-07
 3.132023E-08
 1.568217E-08
 4.962334E-06
 1.289315E-08
 6.427250E-06
 5.608401E-08
 2.207257E-11
 1.343281E-06
 1.203506E-08
 2.846890E-06
 1.787964E-06
 4.123978E-07
 2.050566E-06
 5.662273E-06
 5.326563E-07
 5.639933E-14
 1.729694E-07
 6.830129E-07
 9.522241E-07
 3.132023E-08
 4.460675E-07
