57.058625
57.058625
56.910282
57.058625
56.910282
57.611286
57.058625
56.910282
57.611286
56.909746
57.058625
56.910282
57.611286
56.909746
57.837456
57.058625
56.910282
57.611286
56.909746
57.837456
58.028296
57.058625
56.910282
57.611286
56.909746
57.837456
58.028296
57.145741
57.058625
56.910282
57.611286
56.909746
57.837456
58.028296
57.145741
57.421230
57.058625
56.910282
57.611286
56.909746
57.837456
58.028296
57.145741
57.421230
58.165816
57.058625
56.910282
57.611286
56.909746
57.837456
58.028296
57.145741
57.421230
58.165816
57.537590
57.058625
56.910282
57.611286
56.909746
57.837456
58.028296
57.145741
57.421230
58.165816
57.537590
57.075790
57.058625
56.910282
57.611286
56.909746
57.837456
58.028296
57.145741
57.421230
58.165816
57.537590
57.075790
56.972102
57.058625
56.910282
57.611286
56.909746
57.837456
58.028296
57.145741
57.421230
58.165816
57.537590
57.075790
56.972102
57.399233
57.058625
56.910282
57.611286
56.909746
57.837456
58.028296
57.145741
57.421230
58.165816
57.537590
57.075790
56.972102
57.399233
57.794550
57.058625
56.910282
57.611286
56.909746
57.837456
58.028296
57.145741
57.421230
58.165816
57.537590
57.075790
56.972102
57.399233
57.794550
57.010283
57.058625
56.910282
57.611286
56.909746
57.837456
58.028296
57.145741
57.421230
58.165816
57.537590
57.075790
56.972102
57.399233
57.794550
57.010283
57.115797
57.058625
56.910282
57.611286
56.909746
57.837456
58.028296
57.145741
57.421230
58.165816
57.537590
57.075790
56.972102
57.399233
57.794550
57.010283
57.115797
58.040596
57.058625
56.910282
57.611286
56.909746
57.837456
58.028296
57.145741
57.421230
58.165816
57.537590
57.075790
56.972102
57.399233
57.794550
57.010283
57.115797
58.040596
56.865609
57.058625
56.910282
57.611286
56.909746
57.837456
58.028296
57.145741
57.421230
58.165816
57.537590
57.075790
56.972102
57.399233
57.794550
57.010283
57.115797
58.040596
56.865609
57.096769
57.058625
56.910282
57.611286
56.909746
57.837456
58.028296
57.145741
57.421230
58.165816
57.537590
57.075790
56.972102
57.399233
57.794550
57.010283
57.115797
58.040596
56.865609
57.096769
57.218061
