 2.085249E-02
 2.085249E-02
 6.131428E-04
 2.085249E-02
 6.131428E-04
 2.701478E-02
 2.085249E-02
 6.131428E-04
 2.701478E-02
 1.681223E-02
 2.085249E-02
 6.131428E-04
 2.701478E-02
 1.681223E-02
 2.345844E-02
 2.085249E-02
 6.131428E-04
 2.701478E-02
 1.681223E-02
 2.345844E-02
 2.906552E-04
 2.085249E-02
 6.131428E-04
 2.701478E-02
 1.681223E-02
 2.345844E-02
 2.906552E-04
 1.117778E-04
 2.085249E-02
 6.131428E-04
 2.701478E-02
 1.681223E-02
 2.345844E-02
 2.906552E-04
 1.117778E-04
 1.117778E-04
 2.085249E-02
 6.131428E-04
 2.701478E-02
 1.681223E-02
 2.345844E-02
 2.906552E-04
 1.117778E-04
 1.117778E-04
 4.719165E-05
 2.085249E-02
 6.131428E-04
 2.701478E-02
 1.681223E-02
 2.345844E-02
 2.906552E-04
 1.117778E-04
 1.117778E-04
 4.719165E-05
 4.465958E-05
 2.085249E-02
 6.131428E-04
 2.701478E-02
 1.681223E-02
 2.345844E-02
 2.906552E-04
 1.117778E-04
 1.117778E-04
 4.719165E-05
 4.465958E-05
 9.823825E-05
 2.085249E-02
 6.131428E-04
 2.701478E-02
 1.681223E-02
 2.345844E-02
 2.906552E-04
 1.117778E-04
 1.117778E-04
 4.719165E-05
 4.465958E-05
 9.823825E-05
 1.478322E-04
 2.085249E-02
 6.131428E-04
 2.701478E-02
 1.681223E-02
 2.345844E-02
 2.906552E-04
 1.117778E-04
 1.117778E-04
 4.719165E-05
 4.465958E-05
 9.823825E-05
 1.478322E-04
 5.468819E-04
 2.085249E-02
 6.131428E-04
 2.701478E-02
 1.681223E-02
 2.345844E-02
 2.906552E-04
 1.117778E-04
 1.117778E-04
 4.719165E-05
 4.465958E-05
 9.823825E-05
 1.478322E-04
 5.468819E-04
 3.064608E-01
 2.085249E-02
 6.131428E-04
 2.701478E-02
 1.681223E-02
 2.345844E-02
 2.906552E-04
 1.117778E-04
 1.117778E-04
 4.719165E-05
 4.465958E-05
 9.823825E-05
 1.478322E-04
 5.468819E-04
 3.064608E-01
 1.153067E-01
 2.085249E-02
 6.131428E-04
 2.701478E-02
 1.681223E-02
 2.345844E-02
 2.906552E-04
 1.117778E-04
 1.117778E-04
 4.719165E-05
 4.465958E-05
 9.823825E-05
 1.478322E-04
 5.468819E-04
 3.064608E-01
 1.153067E-01
 1.153067E-01
 2.085249E-02
 6.131428E-04
 2.701478E-02
 1.681223E-02
 2.345844E-02
 2.906552E-04
 1.117778E-04
 1.117778E-04
 4.719165E-05
 4.465958E-05
 9.823825E-05
 1.478322E-04
 5.468819E-04
 3.064608E-01
 1.153067E-01
 1.153067E-01
 3.592238E-03
 2.085249E-02
 6.131428E-04
 2.701478E-02
 1.681223E-02
 2.345844E-02
 2.906552E-04
 1.117778E-04
 1.117778E-04
 4.719165E-05
 4.465958E-05
 9.823825E-05
 1.478322E-04
 5.468819E-04
 3.064608E-01
 1.153067E-01
 1.153067E-01
 3.592238E-03
 4.665177E-02
 2.085249E-02
 6.131428E-04
 2.701478E-02
 1.681223E-02
 2.345844E-02
 2.906552E-04
 1.117778E-04
 1.117778E-04
 4.719165E-05
 4.465958E-05
 9.823825E-05
 1.478322E-04
 5.468819E-04
 3.064608E-01
 1.153067E-01
 1.153067E-01
 3.592238E-03
 4.665177E-02
 2.686313E-02
 2.085249E-02
 6.131428E-04
 2.701478E-02
 1.681223E-02
 2.345844E-02
 2.906552E-04
 1.117778E-04
 1.117778E-04
 4.719165E-05
 4.465958E-05
 9.823825E-05
 1.478322E-04
 5.468819E-04
 3.064608E-01
 1.153067E-01
 1.153067E-01
 3.592238E-03
 4.665177E-02
 2.686313E-02
 6.919398E-03
