 0.525384
 0.525384
 0.529397
 0.525384
 0.529397
 0.517943
 0.525384
 0.529397
 0.517943
 0.523109
 0.525384
 0.529397
 0.517943
 0.523109
 0.523017
 0.525384
 0.529397
 0.517943
 0.523109
 0.523017
 0.526408
 0.525384
 0.529397
 0.517943
 0.523109
 0.523017
 0.526408
 0.525523
 0.525384
 0.529397
 0.517943
 0.523109
 0.523017
 0.526408
 0.525523
 0.525643
 0.525384
 0.529397
 0.517943
 0.523109
 0.523017
 0.526408
 0.525523
 0.525643
 0.528759
 0.525384
 0.529397
 0.517943
 0.523109
 0.523017
 0.526408
 0.525523
 0.525643
 0.528759
 0.527146
 0.525384
 0.529397
 0.517943
 0.523109
 0.523017
 0.526408
 0.525523
 0.525643
 0.528759
 0.527146
 0.527537
 0.525384
 0.529397
 0.517943
 0.523109
 0.523017
 0.526408
 0.525523
 0.525643
 0.528759
 0.527146
 0.527537
 0.526069
 0.525384
 0.529397
 0.517943
 0.523109
 0.523017
 0.526408
 0.525523
 0.525643
 0.528759
 0.527146
 0.527537
 0.526069
 0.526968
 0.525384
 0.529397
 0.517943
 0.523109
 0.523017
 0.526408
 0.525523
 0.525643
 0.528759
 0.527146
 0.527537
 0.526069
 0.526968
 0.519125
 0.525384
 0.529397
 0.517943
 0.523109
 0.523017
 0.526408
 0.525523
 0.525643
 0.528759
 0.527146
 0.527537
 0.526069
 0.526968
 0.519125
 0.518935
 0.525384
 0.529397
 0.517943
 0.523109
 0.523017
 0.526408
 0.525523
 0.525643
 0.528759
 0.527146
 0.527537
 0.526069
 0.526968
 0.519125
 0.518935
 0.518776
 0.525384
 0.529397
 0.517943
 0.523109
 0.523017
 0.526408
 0.525523
 0.525643
 0.528759
 0.527146
 0.527537
 0.526069
 0.526968
 0.519125
 0.518935
 0.518776
 0.526660
 0.525384
 0.529397
 0.517943
 0.523109
 0.523017
 0.526408
 0.525523
 0.525643
 0.528759
 0.527146
 0.527537
 0.526069
 0.526968
 0.519125
 0.518935
 0.518776
 0.526660
 0.522251
 0.525384
 0.529397
 0.517943
 0.523109
 0.523017
 0.526408
 0.525523
 0.525643
 0.528759
 0.527146
 0.527537
 0.526069
 0.526968
 0.519125
 0.518935
 0.518776
 0.526660
 0.522251
 0.519457
 0.525384
 0.529397
 0.517943
 0.523109
 0.523017
 0.526408
 0.525523
 0.525643
 0.528759
 0.527146
 0.527537
 0.526069
 0.526968
 0.519125
 0.518935
 0.518776
 0.526660
 0.522251
 0.519457
 0.524305
